0: 1, 
0 0  | 0 : 0.563670
0 1  | 1 : 0.405579
1 0  | 0 : 0.436330
1 1  | 1 : 0.594421


1: 0, 2, 
0 0 0  | 0 0 : 0.838565
0 0 1  | 0 1 : 0.426966
0 1 1  | 1 1 : 0.723602
1 0 0  | 0 0 : 0.161435
1 0 1  | 0 1 : 0.573034
1 1 0  | 1 0 : 1.000000
1 1 1  | 1 1 : 0.276398


2: 1, 
0 0  | 0 : 0.350187
0 1  | 1 : 0.480687
1 0  | 0 : 0.649813
1 1  | 1 : 0.519313


3: 
0  : 1.000000


4: 5, 
0 0  | 0 : 0.267918
0 1  | 1 : 0.768116
1 0  | 0 : 0.732082
1 1  | 1 : 0.231884


5: 4, 
0 0  | 0 : 0.330526
0 1  | 1 : 0.817143
1 0  | 0 : 0.669474
1 1  | 1 : 0.182857


6: 
0  : 0.540000
1  : 0.460000


