0: 1, 2, 
0 0 0  | 0 0 : 1.000000
0 0 1  | 0 1 : 0.380882
0 1 0  | 1 0 : 0.191176
0 1 1  | 1 1 : 0.568841
1 0 1  | 0 1 : 0.619118
1 1 0  | 1 0 : 0.808824
1 1 1  | 1 1 : 0.431159


1: 0, 2, 
0 0 0  | 0 0 : 0.821918
0 0 1  | 0 1 : 0.452007
0 1 1  | 1 1 : 0.638847
1 0 0  | 0 0 : 0.178082
1 0 1  | 0 1 : 0.547993
1 1 0  | 1 0 : 1.000000
1 1 1  | 1 1 : 0.361153


2: 0, 1, 3, 
0 0 0 0  | 0 0 0 : 0.778098
0 0 0 1  | 0 0 1 : 0.330882
0 0 1 0  | 0 1 0 : 0.389937
0 0 1 1  | 0 1 1 : 0.068670
0 1 1 0  | 1 1 0 : 0.800000
0 1 1 1  | 1 1 1 : 0.308300
1 0 0 0  | 0 0 0 : 0.221902
1 0 0 1  | 0 0 1 : 0.669118
1 0 1 0  | 0 1 0 : 0.610063
1 0 1 1  | 0 1 1 : 0.931330
1 1 0 0  | 1 0 0 : 1.000000
1 1 0 1  | 1 0 1 : 1.000000
1 1 1 0  | 1 1 0 : 0.200000
1 1 1 1  | 1 1 1 : 0.691700


3: 2, 
0 0  | 0 : 0.760417
0 1  | 1 : 0.299513
1 0  | 0 : 0.239583
1 1  | 1 : 0.700487


4: 5, 
0 0  | 0 : 0.292832
0 1  | 1 : 0.786215
1 0  | 0 : 0.707168
1 1  | 1 : 0.213785


5: 4, 
0 0  | 0 : 0.332341
0 1  | 1 : 0.815524
1 0  | 0 : 0.667659
1 1  | 1 : 0.184476


6: 5, 
0 0  | 0 : 0.611888
0 1  | 1 : 0.415888
1 0  | 0 : 0.388112
1 1  | 1 : 0.584112


